8
21
0 1
1 2
0 3
3 4
0 5
5 6
0 7
7 8
0 9
9 10
0 11
11 12
0 13
13 14
0 15
15 16
0 17
17 18
0 19
19 20
15
0 11
1 7
1 11
2 11
2 14
3 4
4 10
4 13
4 8
5 13
6 10
7 9
8 11
11 12
7
2 6
0 1
1 2
2 3
2 4
4 5
21
0 1
1 2
0 3
3 4
0 5
5 6
0 7
7 8
0 9
9 10
0 11
11 12
0 13
13 14
0 15
15 16
0 17
17 18
0 19
19 20
15
0 11
1 7
1 11
2 11
2 14
3 4
4 10
4 13
4 8
5 13
6 10
7 9
8 11
11 12
7
0 1
1 2
2 3
2 4
4 5
3 6
6
0 1
1 2
2 3
2 4
4 5
4
0 1
0 2
0 3
###################
21
0 1
1 2
0 3
3 4
0 5
5 6
0 7
7 8
0 9
9 10
0 11
11 12
0 13
13 14
0 15
15 16
0 17
17 18
0 19
19 20
Ans:5
15
0 11
1 7
1 11
2 11
2 14
3 4
4 10
4 13
4 8
5 13
6 10
7 9
8 11
11 12
Ans: 2
7
2 6
0 1
1 2
2 3
2 4
4 5
Ans: 1
21
0 1
1 2
0 3
3 4
0 5
5 6
0 7
7 8
0 9
9 10
0 11
11 12
0 13
13 14
0 15
15 16
0 17
17 18
0 19
19 20
Ans:5
15
0 11
1 7
1 11
2 11
2 14
3 4
4 10
4 13
4 8
5 13
6 10
7 9
8 11
11 12
Ans:2
7
0 1
1 2
2 3
2 4
4 5
3 6
Ans:2
6
0 1
1 2
2 3
2 4
4 5
4
0 1
0 2
0 3
